Element 0:
[[ 224.         -45.1145618 -178.8854382]
 [ -45.1145618   66.2291236  -21.1145618]
 [-178.8854382  -21.1145618  200.       ]]

Element 1:
[[ 264.9164944 -307.145618    42.2291236]
 [-307.145618   549.3747416 -242.2291236]
 [  42.2291236 -242.2291236  200.       ]]

Element 2:
[[ 253.4412327  -211.54568222  -41.89555048]
 [-211.54568222  240.22717131  -28.68148909]
 [ -41.89555048  -28.68148909   70.57703957]]

Element 3:
[[ 220.17132606 -181.97873329  -38.19259277]
 [-181.97873329  207.55417528  -25.57544199]
 [ -38.19259277  -25.57544199   63.76803477]]

Element 4:
[[159.0349161  -67.12059724 -91.91431886]
 [-67.12059724 114.22529893 -47.10470169]
 [-91.91431886 -47.10470169 139.01902054]]

Element 5:
[[ 173.82167745 -184.97431468   11.15263723]
 [-184.97431468  452.84252042 -267.86820573]
 [  11.15263723 -267.86820573  256.7155685 ]]

Element 6:
[[ 372.07910155 -167.14698255 -204.93211899]
 [-167.14698255  194.68027875  -27.53329619]
 [-204.93211899  -27.53329619  232.46541518]]

Element 7:
[[ 244.16655182  -39.40280649 -204.76374533]
 [ -39.40280649   99.55555556  -60.15274907]
 [-204.76374533  -60.15274907  264.9164944 ]]

Element 8:
[[  62.95114068   22.01257492  -84.9637156 ]
 [  22.01257492  207.55417528 -229.5667502 ]
 [ -84.9637156  -229.5667502   314.5304658 ]]

Element 9:
[[ 5.85935409e+01 -5.85935409e+01 -5.20415186e-14]
 [-5.85935409e+01  3.14593541e+02 -2.56000000e+02]
 [-5.20415186e-14 -2.56000000e+02  2.56000000e+02]]

Element 10:
[[ 301.41836941  -99.86708708 -201.55128233]
 [ -99.86708708  219.59033781 -119.72325073]
 [-201.55128233 -119.72325073  321.27453306]]

Element 11:
[[ 288.39137746 -444.86442457  156.47304711]
 [-444.86442457  861.21070257 -416.34627801]
 [ 156.47304711 -416.34627801  259.8732309 ]]

Element 12:
[[ 256.         -256.            0.        ]
 [-256.          370.84334022 -114.84334022]
 [   0.         -114.84334022  114.84334022]]

Element 13:
[[ 292.30620212 -237.59591506  -54.71028706]
 [-237.59591506  307.96896823  -70.37305317]
 [ -54.71028706  -70.37305317  125.08334022]]

Element 14:
[[ 363.77949464 -254.53969569 -109.23979895]
 [-254.53969569  270.38323696  -15.84354127]
 [-109.23979895  -15.84354127  125.08334022]]

Element 15:
[[ 361.86329566 -195.12139043 -166.74190523]
 [-195.12139043  220.11184241  -24.99045198]
 [-166.74190523  -24.99045198  191.73235721]]

Element 16:
[[ 221.9277427   -16.4409148  -205.4868279 ]
 [ -16.4409148    53.28109318  -36.84017838]
 [-205.4868279   -36.84017838  242.32700628]]

Element 17:
[[ 243.91033672  -87.87116721 -156.03916951]
 [ -87.87116721  135.14832117  -47.27715396]
 [-156.03916951  -47.27715396  203.31632347]]

Element 18:
[[ 187.84675948    9.23125216 -197.07801164]
 [   9.23125216   79.73212313  -88.96337529]
 [-197.07801164  -88.96337529  286.04138693]]

Element 19:
[[ 256.7155685  -245.56293127  -11.15263723]
 [-245.56293127  408.23197149 -162.66904022]
 [ -11.15263723 -162.66904022  173.82167745]]

Element 20:
[[ 241.77349637 -207.13007232  -34.64342405]
 [-207.13007232  371.62758527 -164.49751295]
 [ -34.64342405 -164.49751295  199.140937  ]]

Element 21:
[[ 175.26372005   70.97583795 -246.239558  ]
 [  70.97583795  226.03943151 -297.01526947]
 [-246.239558   -297.01526947  543.25482747]]

Element 22:
[[ 208.66518213 -122.92385829  -85.74132385]
 [-122.92385829  188.24689488  -65.3230366 ]
 [ -85.74132385  -65.3230366   151.06436044]]

Element 23:
[[ 249.88839293 -118.59021013 -131.2981828 ]
 [-118.59021013  123.43234159   -4.84213147]
 [-131.2981828    -4.84213147  136.14031426]]

Element 24:
[[ 149.05667938 -100.02743735  -49.02924203]
 [-100.02743735  203.07575539 -103.04831805]
 [ -49.02924203 -103.04831805  152.07756008]]

Element 25:
[[ 138.3706125   -75.80283024  -62.56778226]
 [ -75.80283024  186.9319624  -111.12913216]
 [ -62.56778226 -111.12913216  173.69691443]]

Element 26:
[[ 242.03526419  -47.97885962 -194.05640457]
 [ -47.97885962  170.97438171 -122.9955221 ]
 [-194.05640457 -122.9955221   317.05192667]]

Element 27:
[[ 222.12284437 -168.48570034  -53.63714403]
 [-168.48570034  270.58471544 -102.09901511]
 [ -53.63714403 -102.09901511  155.73615913]]

Element 28:
[[ 252.99256604 -146.22045462 -106.77211141]
 [-146.22045462  229.91538207  -83.69492745]
 [-106.77211141  -83.69492745  190.46703886]]

Element 29:
[[ 118.71705215  -58.15779362  -60.55925853]
 [ -58.15779362  236.28336898 -178.12557536]
 [ -60.55925853 -178.12557536  238.6848339 ]]

Element 30:
[[ 239.05671865 -166.55580817  -72.50091048]
 [-166.55580817  262.18366753  -95.62785936]
 [ -72.50091048  -95.62785936  168.12876985]]

Element 31:
[[ 206.89268092 -241.72171266   34.82903174]
 [-241.72171266  427.82184744 -186.10013479]
 [  34.82903174 -186.10013479  151.27110305]]

Element 32:
[[ 242.91771182 -174.55106035  -68.36665147]
 [-174.55106035  225.21243499  -50.66137464]
 [ -68.36665147  -50.66137464  119.02802612]]

Element 33:
[[ 437.86147484 -210.5244345  -227.33704034]
 [-210.5244345   160.35043704   50.17399746]
 [-227.33704034   50.17399746  177.16304288]]

Element 34:
[[ 338.76404606 -130.00707772 -208.75696834]
 [-130.00707772  153.38450653  -23.37742881]
 [-208.75696834  -23.37742881  232.13439715]]

Element 35:
[[ 231.63038386  -14.69326405 -216.93711981]
 [ -14.69326405   70.57703957  -55.88377552]
 [-216.93711981  -55.88377552  272.82089533]]

Element 36:
[[ 304.68541873 -284.48547491  -20.19994382]
 [-284.48547491  421.52504629 -137.03957138]
 [ -20.19994382 -137.03957138  157.23951521]]

Element 37:
[[ 302.58569449   -9.68039052 -292.90530398]
 [  -9.68039052  189.20475738 -179.52436686]
 [-292.90530398 -179.52436686  472.42967084]]

Element 38:
[[ 232.13439715   23.37742881 -255.51182596]
 [  23.37742881  153.38450653 -176.76193534]
 [-255.51182596 -176.76193534  432.2737613 ]]

Element 39:
[[ 194.68027875 -222.21357494   27.53329619]
 [-222.21357494  482.21228632 -259.99871138]
 [  27.53329619 -259.99871138  232.46541518]]

Element 40:
[[ 285.17227999 -214.70472634  -70.46755366]
 [-214.70472634  231.96864656  -17.26392023]
 [ -70.46755366  -17.26392023   87.73147389]]

Element 41:
[[ 216.38695716 -150.39010798  -65.99684917]
 [-150.39010798  333.09336869 -182.70326071]
 [ -65.99684917 -182.70326071  248.70010988]]

Element 42:
[[ 384.85996417 -182.31220632 -202.54775785]
 [-182.31220632  242.26351184  -59.95130552]
 [-202.54775785  -59.95130552  262.49906337]]

Element 43:
[[ 219.41920416 -152.20085523  -67.21834893]
 [-152.20085523  334.14605419 -181.94519896]
 [ -67.21834893 -181.94519896  249.16354789]]

Element 44:
[[ 203.51105298 -134.30014501  -69.21090797]
 [-134.30014501  153.94527109  -19.64512609]
 [ -69.21090797  -19.64512609   88.85603406]]

Element 45:
[[ 247.96157476 -242.10405174   -5.85752302]
 [-242.10405174  351.28475289 -109.18070115]
 [  -5.85752302 -109.18070115  115.03822417]]

Element 46:
[[ 164.00369305 -181.6420508    17.63835775]
 [-181.6420508   349.66391048 -168.02185968]
 [  17.63835775 -168.02185968  150.38350193]]

Element 47:
[[ 112.84345042 -117.67893794    4.83548752]
 [-117.67893794  272.32357455 -154.64463661]
 [   4.83548752 -154.64463661  149.8091491 ]]

Element 48:
[[ 212.94180572 -106.70969428 -106.23211144]
 [-106.70969428  215.40941514 -108.69972086]
 [-106.23211144 -108.69972086  214.93183231]]

Element 49:
[[ 171.42401978 -107.14945762  -64.27456216]
 [-107.14945762  266.83119582 -159.68173821]
 [ -64.27456216 -159.68173821  223.95630037]]

Element 50:
[[150.26248305 -91.57339605 -58.689087  ]
 [-91.57339605 176.79200631 -85.21861026]
 [-58.689087   -85.21861026 143.90769727]]

Element 51:
[[ 268.11564354 -235.60664371  -32.50899983]
 [-235.60664371  290.32661083  -54.71996712]
 [ -32.50899983  -54.71996712   87.22896695]]

Element 52:
[[ 307.77459759 -215.27510092  -92.49949667]
 [-215.27510092  288.03341953  -72.75831861]
 [ -92.49949667  -72.75831861  165.25781529]]

Element 53:
[[ 311.97961031  -97.83667517 -214.14293514]
 [ -97.83667517  170.99109756  -73.15442239]
 [-214.14293514  -73.15442239  287.29735753]]

Element 54:
[[ 202.75824593 -183.00507073  -19.7531752 ]
 [-183.00507073  292.66208312 -109.65701239]
 [ -19.7531752  -109.65701239  129.4101876 ]]

Element 55:
[[ 191.0431241  -207.8237091    16.780585  ]
 [-207.8237091   378.44205761 -170.61834851]
 [  16.780585   -170.61834851  153.83776351]]

Element 56:
[[ 284.97828468 -182.0520403  -102.92624438]
 [-182.0520403   239.99324496  -57.94120466]
 [-102.92624438  -57.94120466  160.86744904]]

Element 57:
[[ 172.17701416  -97.44847304  -74.72854112]
 [ -97.44847304  274.27772582 -176.82925278]
 [ -74.72854112 -176.82925278  251.55779389]]

Element 58:
[[ 312.41280397 -212.46052938  -99.95227458]
 [-212.46052938  245.7788826   -33.31835321]
 [ -99.95227458  -33.31835321  133.2706278 ]]

Element 59:
[[ 244.29100545 -157.75118948  -86.53981597]
 [-157.75118948  239.32574703  -81.57455755]
 [ -86.53981597  -81.57455755  168.11437352]]

Element 60:
[[ 563.67369405 -308.12785899 -255.54583506]
 [-308.12785899  251.72296093   56.40489806]
 [-255.54583506   56.40489806  199.140937  ]]

Element 61:
[[ 276.0139529   -55.54936889 -220.46458401]
 [ -55.54936889  154.17905695  -98.62968807]
 [-220.46458401  -98.62968807  319.09427208]]

Element 62:
[[ 331.39552088 -220.06815424 -111.32736664]
 [-220.06815424  273.12432682  -53.05617258]
 [-111.32736664  -53.05617258  164.38353922]]

Element 63:
[[  71.11111111  -62.11380183   -8.99730928]
 [ -62.11380183  310.25487407 -248.14107223]
 [  -8.99730928 -248.14107223  257.13838151]]

Element 64:
[[ 266.76494404  -30.79357511 -235.97136893]
 [ -30.79357511   88.08631652  -57.29274141]
 [-235.97136893  -57.29274141  293.26411034]]

Element 65:
[[ 157.24325508 -137.49563944  -19.74761564]
 [-137.49563944  218.68959438  -81.19395494]
 [ -19.74761564  -81.19395494  100.94157058]]

Element 66:
[[ 140.46272248  -53.19135397  -87.27136851]
 [ -53.19135397  241.64032988 -188.44897591]
 [ -87.27136851 -188.44897591  275.72034442]]

Element 67:
[[ 416. -256. -160.]
 [-256.  256.    0.]
 [-160.    0.  160.]]

Element 68:
[[ 167.35126213   -5.48336725 -161.86789489]
 [  -5.48336725   84.71137643  -79.22800919]
 [-161.86789489  -79.22800919  241.09590407]]

Element 69:
[[ 229.32392659   35.33390852 -264.65783511]
 [  35.33390852  159.52123245 -194.85514097]
 [-264.65783511 -194.85514097  459.51297608]]

Element 70:
[[ 157.85397829  -95.45527246  -62.39870583]
 [ -95.45527246  295.17151112 -199.71623867]
 [ -62.39870583 -199.71623867  262.1149445 ]]

Element 71:
[[ 211.51968888  -56.38344363 -155.13624525]
 [ -56.38344363  142.51555987  -86.13211624]
 [-155.13624525  -86.13211624  241.26836149]]

Element 72:
[[ 443.90661864 -207.1286659  -236.77795274]
 [-207.1286659   163.99542828   43.13323762]
 [-236.77795274   43.13323762  193.64471512]]

Element 73:
[[ 151.15243412  -45.51687879 -105.63555533]
 [ -45.51687879  163.68452317 -118.16764438]
 [-105.63555533 -118.16764438  223.80319971]]

Element 74:
[[ 167.5561845  -156.23105836  -11.32512613]
 [-156.23105836  319.94930434 -163.71824598]
 [ -11.32512613 -163.71824598  175.04337211]]

Element 75:
[[ 226.11178547 -120.61601314 -105.49577233]
 [-120.61601314  202.83608507  -82.22007193]
 [-105.49577233  -82.22007193  187.71584426]]

Element 76:
[[ 111.89171947  -79.50142741  -32.39029206]
 [ -79.50142741  226.47494044 -146.97351303]
 [ -32.39029206 -146.97351303  179.36380509]]

Element 77:
[[133.45142398 -37.06897525 -96.38244873]
 [-37.06897525 123.13617072 -86.06719548]
 [-96.38244873 -86.06719548 182.44964421]]

Element 78:
[[ 3.47496729e+02 -2.53112849e+02 -9.43838797e+01]
 [-2.53112849e+02  2.53279232e+02 -1.66382685e-01]
 [-9.43838797e+01 -1.66382685e-01  9.45502624e+01]]

Element 79:
[[127.39011708 -84.59832295 -42.79179413]
 [-84.59832295 159.01076373 -74.41244078]
 [-42.79179413 -74.41244078 117.20423491]]

Element 80:
[[ 282.41519931 -211.99002783  -70.42517148]
 [-211.99002783  226.47494044  -14.48491261]
 [ -70.42517148  -14.48491261   84.91008409]]

Element 81:
[[ 194.00799569 -213.80903044   19.80103475]
 [-213.80903044  459.63495977 -245.82592933]
 [  19.80103475 -245.82592933  226.02489458]]

Element 82:
[[  93.47784848  -17.57560352  -75.90224496]
 [ -17.57560352  185.60457776 -168.02897423]
 [ -75.90224496 -168.02897423  243.93121919]]

Element 83:
[[ 258.61184208 -228.18793495  -30.42390712]
 [-228.18793495  371.33069048 -143.14275553]
 [ -30.42390712 -143.14275553  173.56666265]]

Element 84:
[[ 225.27051616  -95.83023005 -129.44028611]
 [ -95.83023005  123.14760845  -27.3173784 ]
 [-129.44028611  -27.3173784   156.75766451]]

Element 85:
[[ 350.01462159 -192.99019677 -157.02442483]
 [-192.99019677  176.27037472   16.71982205]
 [-157.02442483   16.71982205  140.30460278]]

Element 86:
[[  95.0544982   -14.37816512  -80.67633309]
 [ -14.37816512  151.56346681 -137.18530169]
 [ -80.67633309 -137.18530169  217.86163478]]

Element 87:
[[ 217.17322858  -65.21632124 -151.95690734]
 [ -65.21632124   84.76346983  -19.54714859]
 [-151.95690734  -19.54714859  171.50405593]]

Element 88:
[[ 169.18512733  -47.01682586 -122.16830147]
 [ -47.01682586  240.66970807 -193.65288221]
 [-122.16830147 -193.65288221  315.82118368]]

Element 89:
[[ 132.04266743  -91.05180929  -40.99085814]
 [ -91.05180929  216.16595563 -125.11414634]
 [ -40.99085814 -125.11414634  166.10500447]]

Element 90:
[[ 184.46999513  -73.55094836 -110.91904677]
 [ -73.55094836  154.20540585  -80.65445749]
 [-110.91904677  -80.65445749  191.57350426]]

Element 91:
[[ 201.72445832 -100.86222916 -100.86222916]
 [-100.86222916  210.43111458 -109.56888542]
 [-100.86222916 -109.56888542  210.43111458]]

Element 92:
[[ 200.14669755 -199.00856671   -1.13813083]
 [-199.00856671  274.29689813  -75.28833141]
 [  -1.13813083  -75.28833141   76.42646225]]

Element 93:
[[ 232.79638462 -120.44359877 -112.35278586]
 [-120.44359877  160.70448102  -40.26088225]
 [-112.35278586  -40.26088225  152.61366811]]

Element 94:
[[ 503.88848713 -287.68653393 -216.2019532 ]
 [-287.68653393  240.66970807   47.01682586]
 [-216.2019532    47.01682586  169.18512733]]

Element 95:
[[ 199.98401142   54.16741161 -254.15142303]
 [  54.16741161  139.55125707 -193.71866867]
 [-254.15142303 -193.71866867  447.8700917 ]]

Element 96:
[[ 131.98975932  -86.0035438   -45.98621552]
 [ -86.0035438   220.13666645 -134.13312265]
 [ -45.98621552 -134.13312265  180.11933817]]

Element 97:
[[ 129.42517607  -35.19633919  -94.22883687]
 [ -35.19633919  173.66881478 -138.47247558]
 [ -94.22883687 -138.47247558  232.70131246]]

Element 98:
[[ 123.9079003  -129.8411441     5.93324379]
 [-129.8411441   285.66043936 -155.81929526]
 [   5.93324379 -155.81929526  149.88605147]]

Element 99:
[[ 184.62301365 -109.92515719  -74.69785646]
 [-109.92515719  153.77280996  -43.84765277]
 [ -74.69785646  -43.84765277  118.54550923]]

Element 100:
[[ 124.82894907 -138.08875108   13.259802  ]
 [-138.08875108  303.4550108  -165.36625973]
 [  13.259802   -165.36625973  152.10645772]]

Element 101:
[[ 193.37624686    5.83362145 -199.2098683 ]
 [   5.83362145  142.96010656 -148.79372801]
 [-199.2098683  -148.79372801  348.00359631]]

Element 102:
[[ 112.75451277  -72.908669    -39.84584377]
 [ -72.908669    221.22435475 -148.31568575]
 [ -39.84584377 -148.31568575  188.16152952]]

Element 103:
[[ 193.48254231  -56.67868561 -136.8038567 ]
 [ -56.67868561   95.94472765  -39.26604204]
 [-136.8038567   -39.26604204  176.06989873]]

Element 104:
[[ 265.96277895 -195.28634556  -70.67643338]
 [-195.28634556  326.41061283 -131.12426727]
 [ -70.67643338 -131.12426727  201.80070065]]

Element 105:
[[ 116.10124615  -56.24677126  -59.85447489]
 [ -56.24677126  268.4593368  -212.21256554]
 [ -59.85447489 -212.21256554  272.06704043]]

Element 106:
[[129.5961696  -43.81355919 -85.78261041]
 [-43.81355919 131.55012649 -87.7365673 ]
 [-85.78261041 -87.7365673  173.51917771]]

Element 107:
[[ 159.33741838 -117.54542828  -41.79199011]
 [-117.54542828  246.79476537 -129.2493371 ]
 [ -41.79199011 -129.2493371   171.0413272 ]]

Element 108:
[[ 174.75381658 -171.06904089   -3.68477569]
 [-171.06904089  277.16280002 -106.09375913]
 [  -3.68477569 -106.09375913  109.77853482]]

Element 109:
[[ 254.36175255 -132.33342752 -122.02832503]
 [-132.33342752  185.585108    -53.25168048]
 [-122.02832503  -53.25168048  175.28000552]]

Element 110:
[[ 162.01522943 -126.92569087  -35.08953855]
 [-126.92569087  272.67452409 -145.74883322]
 [ -35.08953855 -145.74883322  180.83837177]]

Element 111:
[[ 133.52793989  -50.0773862   -83.45055369]
 [ -50.0773862   173.98719442 -123.90980821]
 [ -83.45055369 -123.90980821  207.3603619 ]]

Element 112:
[[ 125.30318669  -70.35714425  -54.94604244]
 [ -70.35714425  208.91195925 -138.55481499]
 [ -54.94604244 -138.55481499  193.50085743]]

Element 113:
[[ 238.22627464 -150.490591    -87.73568364]
 [-150.490591    183.79291751  -33.30232651]
 [ -87.73568364  -33.30232651  121.03801014]]

Element 114:
[[ 373.25059452 -136.74955169 -236.50104283]
 [-136.74955169  179.89548033  -43.14592864]
 [-236.50104283  -43.14592864  279.64697147]]

Element 115:
[[ 235.65644918 -106.02053486 -129.63591432]
 [-106.02053486  164.07493163  -58.05439677]
 [-129.63591432  -58.05439677  187.69031109]]

Element 116:
[[ 199.62838257 -198.0639461    -1.56443647]
 [-198.0639461   346.6047016  -148.5407555 ]
 [  -1.56443647 -148.5407555   150.10519197]]

Element 117:
[[ 180.01172883 -123.88333599  -56.12839284]
 [-123.88333599  244.19963527 -120.31629927]
 [ -56.12839284 -120.31629927  176.44469211]]

Element 118:
[[ 191.20358917 -108.51942041  -82.68416876]
 [-108.51942041  261.20330952 -152.68388911]
 [ -82.68416876 -152.68388911  235.36805787]]

Element 119:
[[ 235.48958012 -168.40248809  -67.08709203]
 [-168.40248809  238.08878173  -69.68629364]
 [ -67.08709203  -69.68629364  136.77338566]]

Element 120:
[[ 238.24504956  -82.02768296 -156.2173666 ]
 [ -82.02768296  188.67767084 -106.64998788]
 [-156.2173666  -106.64998788  262.86735449]]

Element 121:
[[ 167.84852898    8.92318502 -176.771714  ]
 [   8.92318502  159.41800531 -168.34119033]
 [-176.771714   -168.34119033  345.11290433]]

Element 122:
[[ 260.31174275 -208.25502297  -52.05671978]
 [-208.25502297  286.02810052  -77.77307755]
 [ -52.05671978  -77.77307755  129.82979733]]

Element 123:
[[ 145.78278315 -124.35403422  -21.42874893]
 [-124.35403422  260.18790086 -135.83386664]
 [ -21.42874893 -135.83386664  157.26261557]]

Element 124:
[[ 107.7424552   -80.97382592  -26.76862928]
 [ -80.97382592  182.22552983 -101.25170391]
 [ -26.76862928 -101.25170391  128.02033319]]

Element 125:
[[  81.39334881  -50.00184057  -31.39150824]
 [ -50.00184057  259.55813691 -209.55629633]
 [ -31.39150824 -209.55629633  240.94780457]]

Element 126:
[[ 183.8688429  -128.78852977  -55.08031313]
 [-128.78852977  257.35725125 -128.56872148]
 [ -55.08031313 -128.56872148  183.64903461]]

Element 127:
[[ 184.06271086 -167.25211348  -16.81059737]
 [-167.25211348  421.27574239 -254.0236289 ]
 [ -16.81059737 -254.0236289   270.83422627]]

Element 128:
[[ 224.55928885  -99.7168168  -124.84247204]
 [ -99.7168168   165.64947725  -65.93266044]
 [-124.84247204  -65.93266044  190.77513249]]

Element 129:
[[ 149.48555661  -91.38960509  -58.09595152]
 [ -91.38960509  204.69323843 -113.30363334]
 [ -58.09595152 -113.30363334  171.39958486]]

Element 130:
[[ 196.16337437  -54.0064735  -142.15690087]
 [ -54.0064735   132.08013232  -78.07365882]
 [-142.15690087  -78.07365882  220.23055969]]

Element 131:
[[192.18085455 -95.87077372 -96.31008083]
 [-95.87077372 142.11489128 -46.24411756]
 [-96.31008083 -46.24411756 142.5541984 ]]

Element 132:
[[ 221.63659454 -106.7689326  -114.86766194]
 [-106.7689326   120.60120351  -13.83227091]
 [-114.86766194  -13.83227091  128.69993285]]

Element 133:
[[ 282.53901702 -172.11228821 -110.42672881]
 [-172.11228821  253.6656404   -81.55335219]
 [-110.42672881  -81.55335219  191.980081  ]]

Element 134:
[[150.27445936 -56.74328008 -93.53117928]
 [-56.74328008 141.41730825 -84.67402817]
 [-93.53117928 -84.67402817 178.20520745]]

Element 135:
[[ 139.61996406 -112.51316602  -27.10679804]
 [-112.51316602  307.57280783 -195.05964181]
 [ -27.10679804 -195.05964181  222.16643985]]

Element 136:
[[ 219.7967569  -135.17350283  -84.62325408]
 [-135.17350283  183.07469822  -47.90119539]
 [ -84.62325408  -47.90119539  132.52444947]]

Element 137:
[[ 416. -256. -160.]
 [-256.  256.    0.]
 [-160.    0.  160.]]

Element 138:
[[ 292.41033681 -219.58966319  -72.82067362]
 [-219.58966319  292.41033681  -72.82067362]
 [ -72.82067362  -72.82067362  145.64134723]]

Element 139:
[[ 371.40953453 -245.76080962 -125.64872492]
 [-245.76080962  256.90842598  -11.14761637]
 [-125.64872492  -11.14761637  136.79634129]]

Element 140:
[[ 159.07145776   -6.43814891 -152.63330885]
 [  -6.43814891  256.26057322 -249.82242431]
 [-152.63330885 -249.82242431  402.45573316]]

Element 141:
[[ 243.58237214 -166.4934628   -77.08890933]
 [-166.4934628   342.642474   -176.14901119]
 [ -77.08890933 -176.14901119  253.23792053]]

Element 142:
[[ 539.75915316 -274.58937186 -265.16978129]
 [-274.58937186  228.64877337   45.94059849]
 [-265.16978129   45.94059849  219.2291828 ]]

Element 143:
[[ 203.61638606 -172.55661418  -31.05977188]
 [-172.55661418  293.44085789 -120.8842437 ]
 [ -31.05977188 -120.8842437   151.94401558]]

Element 144:
[[ 146.93355008 -170.60577808   23.672228  ]
 [-170.60577808  395.35907567 -224.7532976 ]
 [  23.672228   -224.7532976   201.0810696 ]]

Element 145:
[[ 244.41940294 -310.82803256   66.40862962]
 [-310.82803256  558.69342255 -247.86538998]
 [  66.40862962 -247.86538998  181.45676036]]

Element 146:
[[ 232.80079716  -77.79806289 -155.00273428]
 [ -77.79806289  265.43780261 -187.63973972]
 [-155.00273428 -187.63973972  342.642474  ]]

Element 147:
[[  69.2737761   -38.73164442  -30.54213168]
 [ -38.73164442  185.06880935 -146.33716493]
 [ -30.54213168 -146.33716493  176.87929662]]

Element 148:
[[ 294.97529516 -213.52616423  -81.44913094]
 [-213.52616423  302.28641599  -88.76025176]
 [ -81.44913094  -88.76025176  170.2093827 ]]

Element 149:
[[ 272.17093623 -236.66829813  -35.5026381 ]
 [-236.66829813  279.11026967  -42.44197154]
 [ -35.5026381   -42.44197154   77.94460964]]

Element 150:
[[ 232.260468   -151.28068477  -80.97978324]
 [-151.28068477  159.70318456   -8.42249979]
 [ -80.97978324   -8.42249979   89.40228303]]

Element 151:
[[ 169.30148399  -99.33919124  -69.96229275]
 [ -99.33919124  250.90420555 -151.56501432]
 [ -69.96229275 -151.56501432  221.52730706]]

Element 152:
[[ 218.87414606  -17.83618619 -201.03795987]
 [ -17.83618619  161.45348157 -143.61729538]
 [-201.03795987 -143.61729538  344.65525526]]

Element 153:
[[ 220.75745097 -151.73292904  -69.02452193]
 [-151.73292904  252.0098911  -100.27696206]
 [ -69.02452193 -100.27696206  169.30148399]]

Element 154:
[[ 191.90252437 -114.78837835  -77.11414602]
 [-114.78837835  311.49386447 -196.70548612]
 [ -77.11414602 -196.70548612  273.81963213]]

Element 155:
[[ 259.89201307  -88.05552396 -171.83648911]
 [ -88.05552396  183.94738756  -95.8918636 ]
 [-171.83648911  -95.8918636   267.72835271]]

Element 156:
[[ 250.92076699 -170.07881337  -80.84195362]
 [-170.07881337  257.80982966  -87.73101629]
 [ -80.84195362  -87.73101629  168.57296991]]

Element 157:
[[ 178.90051879  -26.21253671 -152.68798209]
 [ -26.21253671   78.83912352  -52.62658681]
 [-152.68798209  -52.62658681  205.3145689 ]]

Element 158:
[[ 220.26380871 -203.0711179   -17.19269081]
 [-203.0711179   302.99277786  -99.92165996]
 [ -17.19269081  -99.92165996  117.11435077]]

Element 159:
[[ 269.56962083  -43.88704449 -225.68257634]
 [ -43.88704449   72.03624004  -28.14919554]
 [-225.68257634  -28.14919554  253.83177188]]

Element 160:
[[ 147.97408108  -57.93834647  -90.03573462]
 [ -57.93834647  185.96683249 -128.02848602]
 [ -90.03573462 -128.02848602  218.06422064]]

Element 161:
[[ 117.96214097  -84.18633093  -33.77581004]
 [ -84.18633093  209.68340783 -125.49707689]
 [ -33.77581004 -125.49707689  159.27288693]]

Element 162:
[[ 302.44016776  -71.84895171 -230.59121605]
 [ -71.84895171  111.20786633  -39.35891462]
 [-230.59121605  -39.35891462  269.95013067]]

Element 163:
[[ 199.81389443 -126.80823061  -73.00566382]
 [-126.80823061  230.07846461 -103.270234  ]
 [ -73.00566382 -103.270234    176.27589782]]

Element 164:
[[ 212.63369227 -104.16428846 -108.46940381]
 [-104.16428846  219.8520978  -115.68780934]
 [-108.46940381 -115.68780934  224.15721315]]

Element 165:
[[ 162.19041681 -130.97903473  -31.21138208]
 [-130.97903473  177.15195873  -46.172924  ]
 [ -31.21138208  -46.172924     77.38430609]]

Element 166:
[[ 220.26380871  -92.93921354 -127.32459517]
 [ -92.93921354  154.98761213  -62.04839859]
 [-127.32459517  -62.04839859  189.37299376]]

Element 167:
[[ 297.917514    194.09314643 -492.01066043]
 [ 194.09314643  382.47175408 -576.56490051]
 [-492.01066043 -576.56490051 1068.57556094]]

Element 168:
[[ 292.63357135 -128.92990943 -163.70366192]
 [-128.92990943  202.66899069  -73.73908125]
 [-163.70366192  -73.73908125  237.44274317]]

Element 169:
[[ 208.47926374  -44.82214963 -163.65711411]
 [ -44.82214963  221.78824249 -176.96609286]
 [-163.65711411 -176.96609286  340.62320697]]

Element 170:
[[ 203.33464668 -217.25547907   13.92083239]
 [-217.25547907  294.0007135   -76.74523444]
 [  13.92083239  -76.74523444   62.82440205]]

Element 171:
[[ 333.15170114 -155.72187985 -177.42982128]
 [-155.72187985  182.46048048  -26.73860063]
 [-177.42982128  -26.73860063  204.16842191]]

Element 172:
[[ 156.1579202   -57.95478816  -98.20313204]
 [ -57.95478816  326.29917654 -268.34438837]
 [ -98.20313204 -268.34438837  366.54752041]]

Element 173:
[[ 192.29506236  -44.84368915 -147.45137321]
 [ -44.84368915  160.54095223 -115.69726308]
 [-147.45137321 -115.69726308  263.14863629]]

Element 174:
[[ 246.35011007   75.87397156 -322.22408163]
 [  75.87397156  164.7220556  -240.59602716]
 [-322.22408163 -240.59602716  562.82010879]]

Element 175:
[[ 150.45807441 -165.63442346   15.17634905]
 [-165.63442346  487.13202824 -321.49760478]
 [  15.17634905 -321.49760478  306.32125573]]

Element 176:
[[ 248.23135626 -154.94374223  -93.28761402]
 [-154.94374223  272.0978604  -117.15411816]
 [ -93.28761402 -117.15411816  210.44173219]]

Element 177:
[[ 275.9005227   -62.76144481 -213.13907789]
 [ -62.76144481   57.06789295    5.69355186]
 [-213.13907789    5.69355186  207.44552602]]

Element 178:
[[ 300.78899437 -166.18226465 -134.60672972]
 [-166.18226465  234.2762259   -68.09396125]
 [-134.60672972  -68.09396125  202.70069097]]

Element 179:
[[ 206.0720254   -65.10617087 -140.96585453]
 [ -65.10617087  231.18309001 -166.07691914]
 [-140.96585453 -166.07691914  307.04277366]]

Element 180:
[[ 226.71199705  -88.07557091 -138.63642613]
 [ -88.07557091  199.03143689 -110.95586598]
 [-138.63642613 -110.95586598  249.59229211]]

Element 181:
[[ 289.62094499  -71.9746084  -217.64633659]
 [ -71.9746084    57.88663542   14.08797298]
 [-217.64633659   14.08797298  203.55836361]]

Element 182:
[[ 189.80896599  -50.51511235 -139.29385363]
 [ -50.51511235  183.02210442 -132.50699206]
 [-139.29385363 -132.50699206  271.8008457 ]]

Element 183:
[[  95.00511433  -69.80621501  -25.19889931]
 [ -69.80621501  243.56431872 -173.75810371]
 [ -25.19889931 -173.75810371  198.95700302]]

Element 184:
[[ 169.0376163  -164.91737627   -4.12024003]
 [-164.91737627  240.43304864  -75.51567238]
 [  -4.12024003  -75.51567238   79.63591241]]

Element 185:
[[ 264.2632602  -209.46953029  -54.79372991]
 [-209.46953029  323.1161257  -113.64659541]
 [ -54.79372991 -113.64659541  168.44032532]]

Element 186:
[[ 109.51845055 -117.512734      7.99428345]
 [-117.512734    253.11461993 -135.60188592]
 [   7.99428345 -135.60188592  127.60760247]]

Element 187:
[[138.63408977 -66.78380753 -71.85028224]
 [-66.78380753 150.59453133 -83.81072381]
 [-71.85028224 -83.81072381 155.66100605]]

Element 188:
[[ 141.83992326 -195.77996701   53.94004376]
 [-195.77996701  446.09928667 -250.31931966]
 [  53.94004376 -250.31931966  196.3792759 ]]

Element 189:
[[ 324.80041295 -116.07562441 -208.72478853]
 [-116.07562441  171.94076562  -55.8651412 ]
 [-208.72478853  -55.8651412   264.58992974]]

Element 190:
[[ 271.90765311 -220.0059221   -51.90173101]
 [-220.0059221   337.44341815 -117.43749605]
 [ -51.90173101 -117.43749605  169.33922706]]

Element 191:
[[ 292.25310131 -219.74689869  -72.50620262]
 [-219.74689869  292.25310131  -72.50620262]
 [ -72.50620262  -72.50620262  145.01240524]]

Element 192:
[[ 545.05034219 -323.80938412 -221.24095807]
 [-323.80938412  271.90765311   51.90173101]
 [-221.24095807   51.90173101  169.33922706]]

Element 193:
[[ 168.01508094  -54.72221355 -113.29286739]
 [ -54.72221355  273.82292779 -219.10071424]
 [-113.29286739 -219.10071424  332.39358164]]

Element 194:
[[ 242.97776601   30.98648366 -273.96424967]
 [  30.98648366   94.25027293 -125.23675659]
 [-273.96424967 -125.23675659  399.20100627]]

Element 195:
[[ 264.9164944 -174.6873708  -90.2291236]
 [-174.6873708  308.4582472 -133.7708764]
 [ -90.2291236 -133.7708764  224.       ]]

Element 196:
[[ 4.76889696e+02 -1.42928222e+02 -3.33961474e+02]
 [-1.42928222e+02  1.42463192e+02  4.65029727e-01]
 [-3.33961474e+02  4.65029727e-01  3.33496444e+02]]

Element 197:
[[ 224.         -143.10835056  -80.89164944]
 [-143.10835056  320.         -176.89164944]
 [ -80.89164944 -176.89164944  257.78329888]]

Element 198:
[[ 295.7839474  -135.3958033  -160.3881441 ]
 [-135.3958033   188.66412473  -53.26832143]
 [-160.3881441   -53.26832143  213.65646553]]

Element 199:
[[ 408.28300721 -281.77448313 -126.50852408]
 [-281.77448313  369.26271423  -87.4882311 ]
 [-126.50852408  -87.4882311   213.99675517]]

Element 200:
[[ 190.46850228 -148.04955332  -42.41894896]
 [-148.04955332  343.64909221 -195.59953889]
 [ -42.41894896 -195.59953889  238.01848784]]

Element 201:
[[ 363.15707518 -200.15045045 -163.00662474]
 [-200.15045045  285.10841099  -84.95796055]
 [-163.00662474  -84.95796055  247.96458528]]

Element 202:
[[ 896.        -180.4582472 -715.5417528]
 [-180.4582472  264.9164944  -84.4582472]
 [-715.5417528  -84.4582472  800.       ]]

Element 203:
[[ 264.9164944 -349.3747416   84.4582472]
 [-349.3747416 1233.8329888 -884.4582472]
 [  84.4582472 -884.4582472  800.       ]]

Element 204:
[[ 247.96458528   84.95796055 -332.92254583]
 [  84.95796055  285.10841099 -370.06637154]
 [-332.92254583 -370.06637154  702.98891738]]

Element 205:
[[ 164.98265071 -158.72985308   -6.25279763]
 [-158.72985308  385.50443327 -226.77458019]
 [  -6.25279763 -226.77458019  233.02737782]]

Element 206:
[[177.25814054 -85.53279108 -91.72534946]
 [-85.53279108 171.73055248 -86.1977614 ]
 [-91.72534946 -86.1977614  177.92311086]]

Element 207:
[[ 368.14018914 -141.18485698 -226.95533216]
 [-141.18485698  119.46407231   21.72078467]
 [-226.95533216   21.72078467  205.2345475 ]]

