Element 0:
[[ 6.26099034 -1.26099034 -5.        ]
 [-1.26099034  1.85116028 -0.59016994]
 [-5.         -0.59016994  5.59016994]]

Element 1:
[[ 3.70232056 -4.29249051  0.59016994]
 [-4.29249051  7.67774542 -3.38525492]
 [ 0.59016994 -3.38525492  2.79508497]]

Element 2:
[[ 6.31007589 -5.26697765 -1.04309824]
 [-5.26697765  5.9810776  -0.71409995]
 [-1.04309824 -0.71409995  1.75719819]]

Element 3:
[[ 6.20725238 -5.13049517 -1.07675721]
 [-5.13049517  5.85153921 -0.72104404]
 [-1.07675721 -0.72104404  1.79780125]]

Element 4:
[[ 4.30285806 -1.81601883 -2.48683923]
 [-1.81601883  3.09048642 -1.27446758]
 [-2.48683923 -1.27446758  3.76130681]]

Element 5:
[[ 2.60574544 -2.77293364  0.1671882 ]
 [-2.77293364  6.78852228 -4.01558865]
 [ 0.1671882  -4.01558865  3.84840045]]

Element 6:
[[ 5.57780499 -2.50568567 -3.07211932]
 [-2.50568567  2.91843489 -0.41274921]
 [-3.07211932 -0.41274921  3.48486854]]

Element 7:
[[ 5.11849695 -0.82600644 -4.29249051]
 [-0.82600644  2.08699678 -1.26099034]
 [-4.29249051 -1.26099034  5.55348084]]

Element 8:
[[ 1.7747707   0.62059674 -2.39536744]
 [ 0.62059674  5.85153921 -6.47213595]
 [-2.39536744 -6.47213595  8.86750339]]

Element 9:
[[ 1.51288142e+00 -1.51288142e+00 -1.34370863e-15]
 [-1.51288142e+00  8.12278479e+00 -6.60990337e+00]
 [-1.34370863e-15 -6.60990337e+00  6.60990337e+00]]

Element 10:
[[ 4.02015798 -1.33197412 -2.68818386]
 [-1.33197412  2.92877919 -1.59680508]
 [-2.68818386 -1.59680508  4.28498894]]

Element 11:
[[ 4.05978178 -6.26250515  2.20272337]
 [-6.26250515 12.12355081 -5.86104567]
 [ 2.20272337 -5.86104567  3.6583223 ]]

Element 12:
[[ 4.72135955 -4.72135955  0.        ]
 [-4.72135955  6.83939354 -2.11803399]
 [ 0.         -2.11803399  2.11803399]]

Element 13:
[[ 5.04505735 -4.10078544 -0.94427191]
 [-4.10078544  5.31538878 -1.21460334]
 [-0.94427191 -1.21460334  2.15887525]]

Element 14:
[[ 6.27865026 -4.39322653 -1.88542373]
 [-4.39322653  4.66667805 -0.27345152]
 [-1.88542373 -0.27345152  2.15887525]]

Element 15:
[[ 5.61193367 -3.02602755 -2.58590612]
 [-3.02602755  3.41359037 -0.38756282]
 [-2.58590612 -0.38756282  2.97346894]]

Element 16:
[[ 6.52891077 -0.48367664 -6.04523413]
 [-0.48367664  1.56748092 -1.08380428]
 [-6.04523413 -1.08380428  7.12903841]]

Element 17:
[[ 4.85469601 -1.74895337 -3.10574264]
 [-1.74895337  2.68993936 -0.94098599]
 [-3.10574264 -0.94098599  4.04672864]]

Element 18:
[[ 4.86770449  0.23921098 -5.10691548]
 [ 0.23921098  2.06611184 -2.30532282]
 [-5.10691548 -2.30532282  7.4122383 ]]

Element 19:
[[ 3.84840045 -3.68121224 -0.1671882 ]
 [-3.68121224  6.11976948 -2.43855723]
 [-0.1671882  -2.43855723  2.60574544]]

Element 20:
[[ 3.52862525 -3.02301292 -0.50561233]
 [-3.02301292  5.42381402 -2.40080111]
 [-0.50561233 -2.40080111  2.90641344]]

Element 21:
[[ 2.98047974  1.20699279 -4.18747254]
 [ 1.20699279  3.84395554 -5.05094833]
 [-4.18747254 -5.05094833  9.23842087]]

Element 22:
[[ 4.24432849 -2.50031763 -1.74401086]
 [-2.50031763  3.82901283 -1.3286952 ]
 [-1.74401086 -1.3286952   3.07270606]]

Element 23:
[[ 6.10016266 -2.89497068 -3.20519198]
 [-2.89497068  3.01317461 -0.11820393]
 [-3.20519198 -0.11820393  3.32339591]]

Element 24:
[[ 3.31120094 -2.22204698 -1.08915396]
 [-2.22204698  4.51120094 -2.28915396]
 [-1.08915396 -2.28915396  3.37830792]]

Element 25:
[[ 3.08483405 -1.68994809 -1.39488597]
 [-1.68994809  4.16746065 -2.47751257]
 [-1.39488597 -2.47751257  3.87239853]]

Element 26:
[[ 3.87170406 -0.76749124 -3.10421282]
 [-0.76749124  2.73498249 -1.96749124]
 [-3.10421282 -1.96749124  5.07170406]]

Element 27:
[[ 3.94417935 -2.9917581  -0.95242124]
 [-2.9917581   4.80470457 -1.81294647]
 [-0.95242124 -1.81294647  2.76536771]]

Element 28:
[[ 4.17122633 -2.41081633 -1.76041   ]
 [-2.41081633  3.79074022 -1.37992389]
 [-1.76041    -1.37992389  3.14033388]]

Element 29:
[[ 2.39023948 -1.17094429 -1.21929519]
 [-1.17094429  4.75731015 -3.58636586]
 [-1.21929519 -3.58636586  4.80566105]]

Element 30:
[[ 4.04449963 -2.81788735 -1.22661227]
 [-2.81788735  4.4357747  -1.61788735]
 [-1.22661227 -1.61788735  2.84449963]]

Element 31:
[[ 3.77206022 -4.40706193  0.63500171]
 [-4.40706193  7.80003316 -3.39297124]
 [ 0.63500171 -3.39297124  2.75796953]]

Element 32:
[[ 4.93392705 -3.54532484 -1.38860221]
 [-3.54532484  4.57431332 -1.02898848]
 [-1.38860221 -1.02898848  2.41759069]]

Element 33:
[[ 8.60526983 -4.13742626 -4.46784357]
 [-4.13742626  3.15135918  0.98606708]
 [-4.46784357  0.98606708  3.48177649]]

Element 34:
[[ 5.72131149 -2.19566095 -3.52565054]
 [-2.19566095  2.59047721 -0.39481626]
 [-3.52565054 -0.39481626  3.9204668 ]]

Element 35:
[[ 5.76703832 -0.36582686 -5.40121145]
 [-0.36582686  1.75719819 -1.39137133]
 [-5.40121145 -1.39137133  6.79258278]]

Element 36:
[[ 4.42081512 -4.12772522 -0.29308989]
 [-4.12772522  6.1160928  -1.98836758]
 [-0.29308989 -1.98836758  2.28145747]]

Element 37:
[[ 4.00233923 -0.12804375 -3.87429548]
 [-0.12804375  2.50263524 -2.37459149]
 [-3.87429548 -2.37459149  6.24888697]]

Element 38:
[[ 3.9204668   0.39481626 -4.31528305]
 [ 0.39481626  2.59047721 -2.98529346]
 [-4.31528305 -2.98529346  7.30057651]]

Element 39:
[[ 2.91843489 -3.3311841   0.41274921]
 [-3.3311841   7.22880185 -3.89761775]
 [ 0.41274921 -3.89761775  3.48486854]]

Element 40:
[[ 6.36822829 -4.79460596 -1.57362233]
 [-4.79460596  5.18012935 -0.38552339]
 [-1.57362233 -0.38552339  1.95914573]]

Element 41:
[[ 3.07683756 -2.13841878 -0.93841878]
 [-2.13841878  4.73630297 -2.59788419]
 [-0.93841878 -2.59788419  3.53630297]]

Element 42:
[[ 4.96852964 -2.35364466 -2.61488498]
 [-2.35364466  3.12761407 -0.77396941]
 [-2.61488498 -0.77396941  3.38885438]]

Element 43:
[[ 3.09832054 -2.14916027 -0.94916027]
 [-2.14916027  4.71832713 -2.56916686]
 [-0.94916027 -2.56916686  3.51832713]]

Element 44:
[[ 5.58182123 -3.68353163 -1.8982896 ]
 [-3.68353163  4.22235043 -0.5388188 ]
 [-1.8982896  -0.5388188   2.4371084 ]]

Element 45:
[[ 4.6454999  -4.53576063 -0.10973927]
 [-4.53576063  6.58123456 -2.04547393]
 [-0.10973927 -2.04547393  2.1552132 ]]

Element 46:
[[ 3.32340521 -3.68083258  0.35742738]
 [-3.68083258  7.08566276 -3.40483018]
 [ 0.35742738 -3.40483018  3.0474028 ]]

Element 47:
[[ 2.7464365  -2.86412485  0.11768835]
 [-2.86412485  6.62793811 -3.76381326]
 [ 0.11768835 -3.76381326  3.64612491]]

Element 48:
[[ 3.62627079 -1.81720187 -1.80906892]
 [-1.81720187  3.66829269 -1.85109082]
 [-1.80906892 -1.85109082  3.66015974]]

Element 49:
[[ 2.92870942 -1.83060476 -1.09810467]
 [-1.83060476  4.55870209 -2.72809733]
 [-1.09810467 -2.72809733  3.826202  ]]

Element 50:
[[ 3.52419043 -2.1477223  -1.37646813]
 [-2.1477223   4.14640224 -1.99867994]
 [-1.37646813 -1.99867994  3.37514807]]

Element 51:
[[ 5.67377105 -4.98582677 -0.68794428]
 [-4.98582677  6.1437919  -1.15796513]
 [-0.68794428 -1.15796513  1.8459094 ]]

Element 52:
[[ 4.7318589  -3.3097319  -1.422127  ]
 [-3.3097319   4.42834955 -1.11861765]
 [-1.422127   -1.11861765  2.54074466]]

Element 53:
[[ 4.7154102  -1.47875066 -3.23665954]
 [-1.47875066  2.58444186 -1.1056912 ]
 [-3.23665954 -1.1056912   4.34235074]]

Element 54:
[[ 3.98802963 -3.5995066  -0.38852303]
 [-3.5995066   5.75633832 -2.15683171]
 [-0.38852303 -2.15683171  2.54535474]]

Element 55:
[[ 3.54099072 -3.85201943  0.31102871]
 [-3.85201943  7.01443625 -3.16241682]
 [ 0.31102871 -3.16241682  2.85138811]]

Element 56:
[[ 4.79990579 -3.06631308 -1.73359271]
 [-3.06631308  4.04222015 -0.97590707]
 [-1.73359271 -0.97590707  2.70949978]]

Element 57:
[[ 2.80312599 -1.5865088  -1.2166172 ]
 [-1.5865088   4.46537551 -2.87886671]
 [-1.2166172  -2.87886671  4.09548391]]

Element 58:
[[ 5.55362205 -3.77681537 -1.77680668]
 [-3.77681537  4.36910077 -0.5922854 ]
 [-1.77680668 -0.5922854   2.36909207]]

Element 59:
[[ 4.21569457 -2.72228947 -1.4934051 ]
 [-2.72228947  4.13000982 -1.40772035]
 [-1.4934051  -1.40772035  2.90112544]]

Element 60:
[[ 8.22668017 -4.497051   -3.72962917]
 [-4.497051    3.67383526  0.82321574]
 [-3.72962917  0.82321574  2.90641344]]

Element 61:
[[ 4.39337588 -0.88419174 -3.50918414]
 [-0.88419174  2.45410257 -1.56991083]
 [-3.50918414 -1.56991083  5.07909497]]

Element 62:
[[ 5.10854812 -3.39240781 -1.7161403 ]
 [-3.39240781  4.21028251 -0.81787469]
 [-1.7161403  -0.81787469  2.534015  ]]

Element 63:
[[ 1.66666667 -1.45579223 -0.21087444]
 [-1.45579223  7.27159861 -5.81580638]
 [-0.21087444 -5.81580638  6.02668082]]

Element 64:
[[ 5.61764835 -0.64846405 -4.9691843 ]
 [-0.64846405  1.85495869 -1.20649464]
 [-4.9691843  -1.20649464  6.17567894]]

Element 65:
[[ 3.9962505  -3.49437576 -0.50187475]
 [-3.49437576  5.55787529 -2.06349953]
 [-0.50187475 -2.06349953  2.56537428]]

Element 66:
[[ 2.51823439 -0.95362168 -1.56461271]
 [-0.95362168  4.33216    -3.37853833]
 [-1.56461271 -3.37853833  4.94315104]]

Element 67:
[[ 6.5 -4.  -2.5]
 [-4.   4.   0. ]
 [-2.5  0.   2.5]]

Element 68:
[[ 4.44943296 -0.14578841 -4.30364455]
 [-0.14578841  2.25225424 -2.10646583]
 [-4.30364455 -2.10646583  6.41011038]]

Element 69:
[[ 3.85794232  0.59442633 -4.45236866]
 [ 0.59442633  2.68364371 -3.27807005]
 [-4.45236866 -3.27807005  7.73043871]]

Element 70:
[[ 2.57835364 -1.55914632 -1.01920732]
 [-1.55914632  4.8212693  -3.26212298]
 [-1.01920732 -3.26212298  4.2813303 ]]

Element 71:
[[ 4.07328233 -1.08578868 -2.98749365]
 [-1.08578868  2.74445426 -1.65866558]
 [-2.98749365 -1.65866558  4.64615923]]

Element 72:
[[ 8.11862305 -3.78818312 -4.33043993]
 [-3.78818312  2.99931789  0.78886523]
 [-4.33043993  0.78886523  3.5415747 ]]

Element 73:
[[ 3.17463579 -0.95598535 -2.21865044]
 [-0.95598535  3.4378457  -2.48186035]
 [-2.21865044 -2.48186035  4.70051079]]

Element 74:
[[ 3.10069511 -2.89111906 -0.20957605]
 [-2.89111906  5.92079156 -3.0296725 ]
 [-0.20957605 -3.0296725   3.23924855]]

Element 75:
[[ 4.04058429 -2.15539038 -1.88519391]
 [-2.15539038  3.62465095 -1.46926057]
 [-1.88519391 -1.46926057  3.35445448]]

Element 76:
[[ 2.56560907 -1.82291937 -0.7426897 ]
 [-1.82291937  5.19293263 -3.37001326]
 [-0.7426897  -3.37001326  4.11270295]]

Element 77:
[[ 3.43899133 -0.95525309 -2.48373824]
 [-0.95525309  3.17317126 -2.21791818]
 [-2.48373824 -2.21791818  4.70165642]]

Element 78:
[[ 7.10100490e+00 -5.17229497e+00 -1.92870993e+00]
 [-5.17229497e+00  5.17569496e+00 -3.39998672e-03]
 [-1.92870993e+00 -3.39998672e-03  1.93210992e+00]]

Element 79:
[[ 3.51971895 -2.33740519 -1.18231376]
 [-2.33740519  4.39338005 -2.05597486]
 [-1.18231376 -2.05597486  3.23828862]]

Element 80:
[[ 6.47560874 -4.86080239 -1.61480634]
 [-4.86080239  5.19293263 -0.33213024]
 [-1.61480634 -0.33213024  1.94693658]]

Element 81:
[[ 2.9429439  -3.24330954  0.30036563]
 [-3.24330954  6.97228946 -3.72897992]
 [ 0.30036563 -3.72897992  3.42861429]]

Element 82:
[[ 2.26444085 -0.42575771 -1.83868314]
 [-0.42575771  4.49615171 -4.070394  ]
 [-1.83868314 -4.070394    5.90907715]]

Element 83:
[[ 3.90045895 -3.44159674 -0.45886221]
 [-3.44159674  5.60051738 -2.15892063]
 [-0.45886221 -2.15892063  2.61778284]]

Element 84:
[[ 5.22922933 -2.2245177  -3.00471163]
 [-2.2245177   2.85863901 -0.63412132]
 [-3.00471163 -0.63412132  3.63883295]]

Element 85:
[[ 7.07830155 -3.90281641 -3.17548514]
 [-3.90281641  3.56469356  0.33812285]
 [-3.17548514  0.33812285  2.83736229]]

Element 86:
[[ 2.52247935 -0.38155611 -2.14092324]
 [-0.38155611  4.02206863 -3.64051252]
 [-2.14092324 -3.64051252  5.78143576]]

Element 87:
[[ 5.77229435 -1.73339875 -4.0388956 ]
 [-1.73339875  2.25294665 -0.5195479 ]
 [-4.0388956  -0.5195479   4.5584435 ]]

Element 88:
[[ 2.72641194 -0.75767437 -1.96873757]
 [-0.75767437  3.87838327 -3.12070889]
 [-1.96873757 -3.12070889  5.08944646]]

Element 89:
[[ 2.93408609 -2.02323879 -0.9108473 ]
 [-2.02323879  4.803368   -2.7801292 ]
 [-0.9108473  -2.7801292   3.6909765 ]]

Element 90:
[[ 3.84341446 -1.53242688 -2.31098758]
 [-1.53242688  3.21285468 -1.6804278 ]
 [-2.31098758 -1.6804278   3.99141539]]

Element 91:
[[ 3.55074339 -1.7753717  -1.7753717 ]
 [-1.7753717   3.7039975  -1.92862581]
 [-1.7753717  -1.92862581  3.7039975 ]]

Element 92:
[[ 5.1176517  -5.08855026 -0.02910144]
 [-5.08855026  7.01363552 -1.92508526]
 [-0.02910144 -1.92508526  1.9541867 ]]

Element 93:
[[ 4.8642215  -2.51663849 -2.347583  ]
 [-2.51663849  3.35787943 -0.84124094]
 [-2.347583   -0.84124094  3.18882394]]

Element 94:
[[ 8.12014396 -4.63605764 -3.48408632]
 [-4.63605764  3.87838327  0.75767437]
 [-3.48408632  0.75767437  2.72641194]]

Element 95:
[[ 4.00176876  1.08391393 -5.08568269]
 [ 1.08391393  2.79248254 -3.87639647]
 [-5.08568269 -3.87639647  8.96207916]]

Element 96:
[[ 2.83608518 -1.84797198 -0.98811321]
 [-1.84797198  4.73011195 -2.88213998]
 [-0.98811321 -2.88213998  3.87025318]]

Element 97:
[[ 2.80839722 -0.76372545 -2.04467177]
 [-0.76372545  3.76844005 -3.0047146 ]
 [-2.04467177 -3.0047146   5.04938637]]

Element 98:
[[ 2.87793435 -3.01574224  0.13780789]
 [-3.01574224  6.63486339 -3.61912115]
 [ 0.13780789 -3.61912115  3.48131326]]

Element 99:
[[ 4.57199765 -2.72218263 -1.84981502]
 [-2.72218263  3.80802432 -1.08584169]
 [-1.84981502 -1.08584169  2.93565672]]

Element 100:
[[ 2.87808743 -3.18380874  0.30572131]
 [-3.18380874  6.99653453 -3.81272579]
 [ 0.30572131 -3.81272579  3.50700448]]

Element 101:
[[ 3.68011682  0.11101885 -3.79113567]
 [ 0.11101885  2.72065417 -2.83167302]
 [-3.79113567 -2.83167302  6.62280869]]

Element 102:
[[ 2.54502358 -1.64564839 -0.8993752 ]
 [-1.64564839  4.99333629 -3.3476879 ]
 [-0.8993752  -3.3476879   4.2470631 ]]

Element 103:
[[ 4.93822913 -1.44660253 -3.49162659]
 [-1.44660253  2.44878449 -1.00218195]
 [-3.49162659 -1.00218195  4.49380855]]

Element 104:
[[ 3.81208001 -2.79906526 -1.01301475]
 [-2.79906526  4.67848688 -1.87942162]
 [-1.01301475 -1.87942162  2.89243638]]

Element 105:
[[ 2.19392067 -1.06287364 -1.13104703]
 [-1.06287364  5.07297302 -4.01009938]
 [-1.13104703 -4.01009938  5.14114641]]

Element 106:
[[ 3.3318883  -1.12643673 -2.20545157]
 [-1.12643673  3.38212409 -2.25568736]
 [-2.20545157 -2.25568736  4.46113894]]

Element 107:
[[ 3.15493581 -2.32744    -0.82749581]
 [-2.32744     4.88662143 -2.55918143]
 [-0.82749581 -2.55918143  3.38667724]]

Element 108:
[[ 3.99124474 -3.90708726 -0.08415748]
 [-3.90708726  6.33018832 -2.42310106]
 [-0.08415748 -2.42310106  2.50725854]]

Element 109:
[[ 4.66788615 -2.42849944 -2.23938671]
 [-2.42849944  3.40574063 -0.97724119]
 [-2.23938671 -0.97724119  3.2166279 ]]

Element 110:
[[ 3.05812733 -2.39579282 -0.66233451]
 [-2.39579282  5.1468829  -2.75109008]
 [-0.66233451 -2.75109008  3.41342458]]

Element 111:
[[ 2.93312851 -1.10002004 -1.83310848]
 [-1.10002004  3.8218728  -2.72185276]
 [-1.83310848 -2.72185276  4.55496124]]

Element 112:
[[ 2.71966676 -1.52707997 -1.19258679]
 [-1.52707997  4.53436921 -3.00728924]
 [-1.19258679 -3.00728924  4.19987603]]

Element 113:
[[ 5.18166315 -3.27332302 -1.90834012]
 [-3.27332302  3.99768241 -0.72435939]
 [-1.90834012 -0.72435939  2.63269951]]

Element 114:
[[ 5.36257145 -1.96471018 -3.39786127]
 [-1.96471018  2.584597   -0.61988682]
 [-3.39786127 -0.61988682  4.0177481 ]]

Element 115:
[[ 4.49993575 -2.02449624 -2.47543951]
 [-2.02449624  3.13306363 -1.10856739]
 [-2.47543951 -1.10856739  3.5840069 ]]

Element 116:
[[ 3.6469602  -3.6183799  -0.02858029]
 [-3.6183799   6.33203322 -2.71365332]
 [-0.02858029 -2.71365332  2.74223361]]

Element 117:
[[ 3.36533915 -2.31601265 -1.0493265 ]
 [-2.31601265  4.56533915 -2.2493265 ]
 [-1.0493265  -2.2493265   3.29865301]]

Element 118:
[[ 3.09495695 -1.75657233 -1.33838462]
 [-1.75657233  4.22802209 -2.47144976]
 [-1.33838462 -2.47144976  3.80983438]]

Element 119:
[[ 4.4737208  -3.19923163 -1.27448917]
 [-3.19923163  4.52309921 -1.32386758]
 [-1.27448917 -1.32386758  2.59835675]]

Element 120:
[[ 3.85355545 -1.32677772 -2.52677772]
 [-1.32677772  3.05181521 -1.72503749]
 [-2.52677772 -1.72503749  4.25181521]]

Element 121:
[[ 3.24965462  0.17275856 -3.42241318]
 [ 0.17275856  3.08643431 -3.25919286]
 [-3.42241318 -3.25919286  6.68160604]]

Element 122:
[[ 4.6688413  -3.735174   -0.9336673 ]
 [-3.735174    5.13007901 -1.39490502]
 [-0.9336673  -1.39490502  2.32857232]]

Element 123:
[[ 3.07562786 -2.62353842 -0.45208944]
 [-2.62353842  5.48927068 -2.86573226]
 [-0.45208944 -2.86573226  3.3178217 ]]

Element 124:
[[ 2.9794655  -2.23921684 -0.74024865]
 [-2.23921684  5.03918978 -2.79997293]
 [-0.74024865 -2.79997293  3.54022159]]

Element 125:
[[ 1.88593924 -1.15857665 -0.72736259]
 [-1.15857665  6.01413853 -4.85556188]
 [-0.72736259 -4.85556188  5.58292448]]

Element 126:
[[ 3.3166693  -2.32311769 -0.9935516 ]
 [-2.32311769  4.64227044 -2.31915274]
 [-0.9935516  -2.31915274  3.31270434]]

Element 127:
[[ 2.61436136 -2.37558961 -0.23877175]
 [-2.37558961  5.983651   -3.60806139]
 [-0.23877175 -3.60806139  3.84683315]]

Element 128:
[[ 4.30140602 -1.91006357 -2.39134245]
 [-1.91006357  3.1729957  -1.26293214]
 [-2.39134245 -1.26293214  3.65427459]]

Element 129:
[[ 3.169328   -1.93760281 -1.23172519]
 [-1.93760281  4.33981735 -2.40221454]
 [-1.23172519 -2.40221454  3.63393973]]

Element 130:
[[ 4.09094858 -1.12629438 -2.9646542 ]
 [-1.12629438  2.75450517 -1.62821079]
 [-2.9646542  -1.62821079  4.59286499]]

Element 131:
[[ 4.51465284 -2.25216639 -2.26248645]
 [-2.25216639  3.33851881 -1.08635242]
 [-2.26248645 -1.08635242  3.34883888]]

Element 132:
[[ 5.66069681 -2.72692584 -2.93377097]
 [-2.72692584  3.08020816 -0.35328233]
 [-2.93377097 -0.35328233  3.2870533 ]]

Element 133:
[[ 4.35719289 -2.65424027 -1.70295261]
 [-2.65424027  3.91192033 -1.25768005]
 [-1.70295261 -1.25768005  2.96063267]]

Element 134:
[[ 3.53889702 -1.33627914 -2.20261788]
 [-1.33627914  3.33031503 -1.99403589]
 [-2.20261788 -1.99403589  4.19665378]]

Element 135:
[[ 2.53711553 -2.04454215 -0.49257339]
 [-2.04454215  5.5890843  -3.54454215]
 [-0.49257339 -3.54454215  4.03711553]]

Element 136:
[[ 4.68956386 -2.88404971 -1.80551415]
 [-2.88404971  3.90606532 -1.0220156 ]
 [-1.80551415 -1.0220156   2.82752975]]

Element 137:
[[ 6.5 -4.  -2.5]
 [-4.   4.   0. ]
 [-2.5  0.   2.5]]

Element 138:
[[ 4.78884074 -3.59624744 -1.1925933 ]
 [-3.59624744  4.78884074 -1.1925933 ]
 [-1.1925933  -1.1925933   2.3851866 ]]

Element 139:
[[ 6.27618627 -4.1529376  -2.12324868]
 [-4.1529376   4.34131326 -0.18837566]
 [-2.12324868 -0.18837566  2.31162434]]

Element 140:
[[ 2.49273521 -0.10088925 -2.39184596]
 [-0.10088925  4.01574086 -3.91485161]
 [-2.39184596 -3.91485161  6.30669757]]

Element 141:
[[ 3.26254241 -2.23001352 -1.03252889]
 [-2.23001352  4.58935346 -2.35933994]
 [-1.03252889 -2.35933994  3.39186883]]

Element 142:
[[ 7.78945862 -3.96269806 -3.82676056]
 [-3.96269806  3.29971275  0.66298531]
 [-3.82676056  0.66298531  3.16377525]]

Element 143:
[[ 3.7191475  -3.15182639 -0.5673211 ]
 [-3.15182639  5.35983303 -2.20800664]
 [-0.5673211  -2.20800664  2.77532774]]

Element 144:
[[ 2.72918492 -3.16887952  0.43969459]
 [-3.16887952  7.34351023 -4.17463071]
 [ 0.43969459 -4.17463071  3.73493612]]

Element 145:
[[ 3.86744176 -4.91822375  1.05078199]
 [-4.91822375  8.84019127 -3.92196752]
 [ 1.05078199 -3.92196752  2.87118553]]

Element 146:
[[ 3.11813399 -1.04202729 -2.0761067 ]
 [-1.04202729  3.55527406 -2.51324676]
 [-2.0761067  -2.51324676  4.58935346]]

Element 147:
[[ 2.05892427 -1.15116466 -0.90775961]
 [-1.15116466  5.5005326  -4.34936794]
 [-0.90775961 -4.34936794  5.25712755]]

Element 148:
[[ 4.46862503 -3.23473991 -1.23388511]
 [-3.23473991  4.57938229 -1.34464238]
 [-1.23388511 -1.34464238  2.57852749]]

Element 149:
[[ 6.09296553 -5.29818431 -0.79478123]
 [-5.29818431  6.2483132  -0.95012889]
 [-0.79478123 -0.95012889  1.74491012]]

Element 150:
[[ 6.16205791 -4.01359882 -2.14845909]
 [-4.01359882  4.23705455 -0.22345573]
 [-2.14845909 -0.22345573  2.37191482]]

Element 151:
[[ 2.96472333 -1.73957848 -1.22514485]
 [-1.73957848  4.39370958 -2.6541311 ]
 [-1.22514485 -2.6541311   3.87927595]]

Element 152:
[[ 3.69859894 -0.30140106 -3.39719788]
 [-0.30140106  2.72828786 -2.4268868 ]
 [-3.39719788 -2.4268868   5.82408469]]

Element 153:
[[ 3.86579461 -2.65707154 -1.20872308]
 [-2.65707154  4.41307179 -1.75600025]
 [-1.20872308 -1.75600025  2.96472333]]

Element 154:
[[ 2.81117138 -1.68152975 -1.12964163]
 [-1.68152975  4.56305951 -2.88152975]
 [-1.12964163 -2.88152975  4.01117138]]

Element 155:
[[ 4.10655018 -1.39136414 -2.71518604]
 [-1.39136414  2.90655018 -1.51518604]
 [-2.71518604 -1.51518604  4.23037208]]

Element 156:
[[ 4.19584472 -2.84402244 -1.35182228]
 [-2.84402244  4.31104219 -1.46701975]
 [-1.35182228 -1.46701975  2.81884204]]

Element 157:
[[ 4.88404474 -0.71561113 -4.16843361]
 [-0.71561113  2.15233477 -1.43672364]
 [-4.16843361 -1.43672364  5.60515725]]

Element 158:
[[ 4.36183367 -4.02137076 -0.34046291]
 [-4.02137076  6.00009646 -1.97872571]
 [-0.34046291 -1.97872571  2.31918862]]

Element 159:
[[ 6.4452892  -1.04931963 -5.39596958]
 [-1.04931963  1.72235432 -0.67303469]
 [-5.39596958 -0.67303469  6.06900426]]

Element 160:
[[ 3.01040157 -1.17870432 -1.83169725]
 [-1.17870432  3.78333044 -2.60462611]
 [-1.83169725 -2.60462611  4.43632336]]

Element 161:
[[ 2.80803623 -2.00401812 -0.80401812]
 [-2.00401812  4.99142014 -2.98740203]
 [-0.80401812 -2.98740203  3.79142014]]

Element 162:
[[ 5.66806273 -1.3465287  -4.32153403]
 [-1.3465287   2.08415822 -0.73762952]
 [-4.32153403 -0.73762952  5.05916355]]

Element 163:
[[ 3.65463683 -2.31934837 -1.33528846]
 [-2.31934837  4.20818198 -1.88883361]
 [-1.33528846 -1.88883361  3.22412208]]

Element 164:
[[ 3.54893773 -1.73854185 -1.81039588]
 [-1.73854185  3.66941568 -1.93087383]
 [-1.81039588 -1.93087383  3.74126971]]

Element 165:
[[ 4.76683509 -3.84952127 -0.91731382]
 [-3.84952127  5.20656023 -1.35703896]
 [-0.91731382 -1.35703896  2.27435278]]

Element 166:
[[ 4.36183367 -1.84045392 -2.52137975]
 [-1.84045392  3.06918412 -1.2287302 ]
 [-2.52137975 -1.2287302   3.75010995]]

Element 167:
[[ 3.41122958  2.22241477 -5.63364435]
 [ 2.22241477  4.37939665 -6.60181142]
 [-5.63364435 -6.60181142 12.23545577]]

Element 168:
[[ 4.4790651  -1.97340809 -2.50565701]
 [-1.97340809  3.10206241 -1.12865432]
 [-2.50565701 -1.12865432  3.63431133]]

Element 169:
[[ 3.1347882  -0.67396605 -2.46082215]
 [-0.67396605  3.334908   -2.66094195]
 [-2.46082215 -2.66094195  5.1217641 ]]

Element 170:
[[ 5.73272244 -6.12519991  0.39247747]
 [-6.12519991  8.28891935 -2.16371944]
 [ 0.39247747 -2.16371944  1.77124197]]

Element 171:
[[ 5.51151939 -2.57619624 -2.93532315]
 [-2.57619624  3.01854823 -0.44235198]
 [-2.93532315 -0.44235198  3.37767513]]

Element 172:
[[ 2.26350432 -0.8400529  -1.42345142]
 [-0.8400529   4.72969668 -3.88964378]
 [-1.42345142 -3.88964378  5.3130952 ]]

Element 173:
[[ 3.57946313 -0.83473975 -2.74472338]
 [-0.83473975  2.98837844 -2.15363869]
 [-2.74472338 -2.15363869  4.89836207]]

Element 174:
[[ 4.17467989  1.28576985 -5.46044974]
 [ 1.28576985  2.79140063 -4.07717048]
 [-5.46044974 -4.07717048  9.53762022]]

Element 175:
[[ 2.22181078 -2.44591956  0.22410878]
 [-2.44591956  7.19346699 -4.74754743]
 [ 0.22410878 -4.74754743  4.52343865]]

Element 176:
[[ 3.76213249 -2.34828869 -1.4138438 ]
 [-2.34828869  4.12384727 -1.77555858]
 [-1.4138438  -1.77555858  3.18940237]]

Element 177:
[[ 8.02971227 -1.82658713 -6.20312514]
 [-1.82658713  1.66088399  0.16570314]
 [-6.20312514  0.16570314  6.037422  ]]

Element 178:
[[ 4.59494824 -2.53865307 -2.05629517]
 [-2.53865307  3.57887806 -1.04022499]
 [-2.05629517 -1.04022499  3.09652015]]

Element 179:
[[ 3.12799751 -0.98825612 -2.13974139]
 [-0.98825612  3.50916205 -2.52090593]
 [-2.13974139 -2.52090593  4.66064732]]

Element 180:
[[ 3.70884817 -1.44085414 -2.26799403]
 [-1.44085414  3.25601375 -1.81515961]
 [-2.26799403 -1.81515961  4.08315364]]

Element 181:
[[ 8.50912664 -2.11462972 -6.39449692]
 [-2.11462972  1.700722    0.41390772]
 [-6.39449692  0.41390772  5.9805892 ]]

Element 182:
[[ 3.34559504 -0.89038528 -2.45520976]
 [-0.89038528  3.22596902 -2.33558374]
 [-2.45520976 -2.33558374  4.7907935 ]]

Element 183:
[[ 2.22286959 -1.63328168 -0.58958791]
 [-1.63328168  5.69876392 -4.06548224]
 [-0.58958791 -4.06548224  4.65507016]]

Element 184:
[[ 4.61010927 -4.49773927 -0.11237   ]
 [-4.49773927  6.55725424 -2.05951497]
 [-0.11237    -2.05951497  2.17188497]]

Element 185:
[[ 4.10165553 -3.25119676 -0.85045876]
 [-3.25119676  5.01511652 -1.76391976]
 [-0.85045876 -1.76391976  2.61437852]]

Element 186:
[[ 2.93630151 -3.15063642  0.2143349 ]
 [-3.15063642  6.78626147 -3.63562506]
 [ 0.2143349  -3.63562506  3.42129015]]

Element 187:
[[ 3.42150412 -1.64823149 -1.77327263]
 [-1.64823149  3.71668909 -2.0684576 ]
 [-1.77327263 -2.0684576   3.84173023]]

Element 188:
[[ 2.83993019 -3.91992202  1.07999183]
 [-3.91992202  8.93183528 -5.01191326]
 [ 1.07999183 -5.01191326  3.93192143]]

Element 189:
[[ 4.98967864 -1.78318758 -3.20649105]
 [-1.78318758  2.64140417 -0.85821659]
 [-3.20649105 -0.85821659  4.06470764]]

Element 190:
[[ 4.12973954 -3.34145489 -0.78828466]
 [-3.34145489  5.12509821 -1.78364333]
 [-0.78828466 -1.78364333  2.57192798]]

Element 191:
[[ 4.79663385 -3.6066184  -1.19001545]
 [-3.6066184   4.79663385 -1.19001545]
 [-1.19001545 -1.19001545  2.3800309 ]]

Element 192:
[[ 8.27823684 -4.9180242  -3.36021264]
 [-4.9180242   4.12973954  0.78828466]
 [-3.36021264  0.78828466  2.57192798]]

Element 193:
[[ 2.56185267 -0.83439087 -1.7274618 ]
 [-0.83439087  4.17518472 -3.34079385]
 [-1.7274618  -3.34079385  5.06825566]]

Element 194:
[[ 5.18731588  0.66152834 -5.84884422]
 [ 0.66152834  2.0121427  -2.67367104]
 [-5.84884422 -2.67367104  8.52251525]]

Element 195:
[[ 3.70232056 -2.44133022 -1.26099034]
 [-2.44133022  4.31083506 -1.86950483]
 [-1.26099034 -1.86950483  3.13049517]]

Element 196:
[[ 6.91865998e+00 -2.07358594e+00 -4.84507404e+00]
 [-2.07358594e+00  2.06683935e+00  6.74659694e-03]
 [-4.84507404e+00  6.74659694e-03  4.83832744e+00]]

Element 197:
[[ 3.13049517 -2.         -1.13049517]
 [-2.          4.47213595 -2.47213595]
 [-1.13049517 -2.47213595  3.60263112]]

Element 198:
[[ 4.83194905 -2.21183613 -2.62011291]
 [-2.21183613  3.08203148 -0.87019535]
 [-2.62011291 -0.87019535  3.49030826]]

Element 199:
[[ 4.83295883 -3.33544245 -1.49751637]
 [-3.33544245  4.37106483 -1.03562238]
 [-1.49751637 -1.03562238  2.53313875]]

Element 200:
[[ 2.88669309 -2.24380208 -0.642891  ]
 [-2.24380208  5.20825988 -2.9644578 ]
 [-0.642891   -2.9644578   3.6073488 ]]

Element 201:
[[ 4.55805643 -2.51212798 -2.04592846]
 [-2.51212798  3.57845218 -1.0663242 ]
 [-2.04592846 -1.0663242   3.11225266]]

Element 202:
[[ 6.26099034 -1.26099034 -5.        ]
 [-1.26099034  1.85116028 -0.59016994]
 [-5.         -0.59016994  5.59016994]]

Element 203:
[[ 1.85116028 -2.44133022  0.59016994]
 [-2.44133022  8.62167011 -6.18033989]
 [ 0.59016994 -6.18033989  5.59016994]]

Element 204:
[[ 3.11225266  1.0663242  -4.17857686]
 [ 1.0663242   3.57845218 -4.64477638]
 [-4.17857686 -4.64477638  8.82335324]]

Element 205:
[[ 2.66217504 -2.56127933 -0.10089571]
 [-2.56127933  6.22053455 -3.65925522]
 [-0.10089571 -3.65925522  3.76015093]]

Element 206:
[[ 3.6861023  -1.77866369 -1.90743861]
 [-1.77866369  3.5711555  -1.79249182]
 [-1.90743861 -1.79249182  3.69993043]]

Element 207:
[[ 7.5073824  -2.87914425 -4.62823814]
 [-2.87914425  2.43619822  0.44294603]
 [-4.62823814  0.44294603  4.18529211]]

Element 0:
[[  0.93435226  -0.39660111  -0.53775115]
 [ -0.39660111  10.87094543 -10.47434432]
 [ -0.53775115 -10.47434432  11.01209548]]

Element 1:
[[ 3.04336129 -1.1776444  -1.86571689]
 [-1.1776444   3.74153617 -2.56389177]
 [-1.86571689 -2.56389177  4.42960866]]

Element 2:
[[ 1.86174595 -0.08142453 -1.78032141]
 [-0.08142453  5.3748633  -5.29343877]
 [-1.78032141 -5.29343877  7.07376018]]

